00000000 00D01001 00000000 00000001 00000000 00000000 00000000 00000000 00000000 00000000 00000000 00000000 00000000 00000000 00000000 00000000 00000000 00000000 
00000001 04DD100B 00000000 0000000B 00000000 00000000 00000000 00000000 00000000 00000000 00000000 00000000 00000000 00000000 00000000 00000001 00000000 00000000 
00000002 00DD1FFE 00000000 FFFFFFFE 00000000 00000000 00000000 00000000 00000000 00000000 00000000 00000000 00000000 00000000 00000000 00000800 00000000 00000000 
00000003 0F9D1000 00000000 00000000 00000000 00000000 00000000 00000000 00000000 00000000 00000000 00000000 00000000 00000000 00000000 000007FE 00000000 00000000 
00000004 0FFD1001 00000000 00000001 00000000 00000000 00000000 00000000 00000000 00000000 00000000 00000000 00000000 00000000 00000000 000007FE 00000000 00000000 
00000005 00900000 00000000 00000000 00000000 00000000 00000000 00000000 00000000 00000000 00000000 00000000 00000000 00000000 00000000 000007FE 00000000 00000000 
00000006 00501010 00000000 00000010 00000000 00000000 00000000 00000000 00000000 00000000 00000000 00000000 00000000 00000000 00000000 000007FE 00000000 00000000 
00000007 0C19500E 00000000 0000000E 00000000 00000000 00000000 00000010 00000000 00000000 00000000 00000000 00000000 00000000 00000000 000007FE 00000000 00000000 
00000008 0E619100 00000000 00000100 00000000 00000000 00000000 00000010 00000000 00000000 00000000 00000000 00000000 00000000 00000000 000007FE 00000000 00000000 
00000009 0E719110 00000000 00000110 00000000 00000000 00000000 00000010 00000001 00000000 00000000 00000000 00000000 00000000 00000000 000007FE 00000000 00000000 
0000000A 00867000 00000000 00000000 00000000 00000000 00000000 00000010 00000001 00000001 00000000 00000000 00000000 00000000 00000000 000007FE 00000000 00000000 
0000000B 0F819120 00000000 00000120 00000000 00000000 00000000 00000010 00000001 00000001 00000002 00000000 00000000 00000000 00000000 000007FE 00000000 00000000 
0000000C 00991001 00000000 00000001 00000000 00000000 00000000 00000010 00000001 00000001 00000002 00000000 00000000 00000000 00000000 000007FE 00000000 00000000 
0000000D 0D100006 00000000 00000006 00000000 00000000 00000000 00000010 00000001 00000001 00000002 00000001 00000000 00000000 00000000 000007FE 00000000 00000000 
00000006 00501010 00000000 00000010 00000000 00000000 00000000 00000010 00000001 00000001 00000002 00000001 00000000 00000000 00000000 000007FE 00000000 0000000E 
00000007 0C19500E 00000000 0000000E 00000000 00000000 00000000 00000010 00000001 00000001 00000002 00000001 00000000 00000000 00000000 000007FE 00000000 0000000E 
00000008 0E619100 00000000 00000100 00000000 00000000 00000000 00000010 00000001 00000001 00000002 00000001 00000000 00000000 00000000 000007FE 00000000 0000000E 
00000009 0E719110 00000000 00000110 00000000 00000000 00000000 00000010 00000001 00000001 00000002 00000001 00000000 00000000 00000000 000007FE 00000000 0000000E 
0000000A 00867000 00000000 00000000 00000000 00000000 00000000 00000010 00000001 00000001 00000002 00000001 00000000 00000000 00000000 000007FE 00000000 0000000E 
0000000B 0F819120 00000000 00000120 00000000 00000000 00000000 00000010 00000001 00000001 00000002 00000001 00000000 00000000 00000000 000007FE 00000000 0000000E 
0000000C 00991001 00000000 00000001 00000000 00000000 00000000 00000010 00000001 00000001 00000002 00000001 00000000 00000000 00000000 000007FE 00000000 0000000E 
0000000D 0D100006 00000000 00000006 00000000 00000000 00000000 00000010 00000001 00000001 00000002 00000002 00000000 00000000 00000000 000007FE 00000000 0000000E 
00000006 00501010 00000000 00000010 00000000 00000000 00000000 00000010 00000001 00000001 00000002 00000002 00000000 00000000 00000000 000007FE 00000000 0000000E 
00000007 0C19500E 00000000 0000000E 00000000 00000000 00000000 00000010 00000001 00000001 00000002 00000002 00000000 00000000 00000000 000007FE 00000000 0000000E 
00000008 0E619100 00000000 00000100 00000000 00000000 00000000 00000010 00000001 00000001 00000002 00000002 00000000 00000000 00000000 000007FE 00000000 0000000E 
00000009 0E719110 00000000 00000110 00000000 00000000 00000000 00000010 00000001 00000001 00000002 00000002 00000000 00000000 00000000 000007FE 00000000 0000000E 
0000000A 00867000 00000000 00000000 00000000 00000000 00000000 00000010 00000001 00000001 00000002 00000002 00000000 00000000 00000000 000007FE 00000000 0000000E 
0000000B 0F819120 00000000 00000120 00000000 00000000 00000000 00000010 00000001 00000001 00000002 00000002 00000000 00000000 00000000 000007FE 00000000 0000000E 
0000000C 00991001 00000000 00000001 00000000 00000000 00000000 00000010 00000001 00000001 00000002 00000002 00000000 00000000 00000000 000007FE 00000000 0000000E 
0000000D 0D100006 00000000 00000006 00000000 00000000 00000000 00000010 00000001 00000001 00000002 00000003 00000000 00000000 00000000 000007FE 00000000 0000000E 
00000006 00501010 00000000 00000010 00000000 00000000 00000000 00000010 00000001 00000001 00000002 00000003 00000000 00000000 00000000 000007FE 00000000 0000000E 
00000007 0C19500E 00000000 0000000E 00000000 00000000 00000000 00000010 00000001 00000001 00000002 00000003 00000000 00000000 00000000 000007FE 00000000 0000000E 
00000008 0E619100 00000000 00000100 00000000 00000000 00000000 00000010 00000001 00000001 00000002 00000003 00000000 00000000 00000000 000007FE 00000000 0000000E 
00000009 0E719110 00000000 00000110 00000000 00000000 00000000 00000010 00000001 00000001 00000002 00000003 00000000 00000000 00000000 000007FE 00000000 0000000E 
0000000A 00867000 00000000 00000000 00000000 00000000 00000000 00000010 00000001 00000001 00000002 00000003 00000000 00000000 00000000 000007FE 00000000 0000000E 
0000000B 0F819120 00000000 00000120 00000000 00000000 00000000 00000010 00000001 00000001 00000002 00000003 00000000 00000000 00000000 000007FE 00000000 0000000E 
0000000C 00991001 00000000 00000001 00000000 00000000 00000000 00000010 00000001 00000001 00000002 00000003 00000000 00000000 00000000 000007FE 00000000 0000000E 
0000000D 0D100006 00000000 00000006 00000000 00000000 00000000 00000010 00000001 00000001 00000002 00000004 00000000 00000000 00000000 000007FE 00000000 0000000E 
00000006 00501010 00000000 00000010 00000000 00000000 00000000 00000010 00000001 00000001 00000002 00000004 00000000 00000000 00000000 000007FE 00000000 0000000E 
00000007 0C19500E 00000000 0000000E 00000000 00000000 00000000 00000010 00000001 00000001 00000002 00000004 00000000 00000000 00000000 000007FE 00000000 0000000E 
00000008 0E619100 00000000 00000100 00000000 00000000 00000000 00000010 00000001 00000001 00000002 00000004 00000000 00000000 00000000 000007FE 00000000 0000000E 
00000009 0E719110 00000000 00000110 00000000 00000000 00000000 00000010 00000000 00000001 00000002 00000004 00000000 00000000 00000000 000007FE 00000000 0000000E 
0000000A 00867000 00000000 00000000 00000000 00000000 00000000 00000010 00000000 00000001 00000002 00000004 00000000 00000000 00000000 000007FE 00000000 0000000E 
0000000B 0F819120 00000000 00000120 00000000 00000000 00000000 00000010 00000000 00000001 00000001 00000004 00000000 00000000 00000000 000007FE 00000000 0000000E 
0000000C 00991001 00000000 00000001 00000000 00000000 00000000 00000010 00000000 00000001 00000001 00000004 00000000 00000000 00000000 000007FE 00000000 0000000E 
0000000D 0D100006 00000000 00000006 00000000 00000000 00000000 00000010 00000000 00000001 00000001 00000005 00000000 00000000 00000000 000007FE 00000000 0000000E 
00000006 00501010 00000000 00000010 00000000 00000000 00000000 00000010 00000000 00000001 00000001 00000005 00000000 00000000 00000000 000007FE 00000000 0000000E 
00000007 0C19500E 00000000 0000000E 00000000 00000000 00000000 00000010 00000000 00000001 00000001 00000005 00000000 00000000 00000000 000007FE 00000000 0000000E 
00000008 0E619100 00000000 00000100 00000000 00000000 00000000 00000010 00000000 00000001 00000001 00000005 00000000 00000000 00000000 000007FE 00000000 0000000E 
00000009 0E719110 00000000 00000110 00000000 00000000 00000000 00000010 00000000 00000001 00000001 00000005 00000000 00000000 00000000 000007FE 00000000 0000000E 
0000000A 00867000 00000000 00000000 00000000 00000000 00000000 00000010 00000000 00000001 00000001 00000005 00000000 00000000 00000000 000007FE 00000000 0000000E 
0000000B 0F819120 00000000 00000120 00000000 00000000 00000000 00000010 00000000 00000001 00000001 00000005 00000000 00000000 00000000 000007FE 00000000 0000000E 
0000000C 00991001 00000000 00000001 00000000 00000000 00000000 00000010 00000000 00000001 00000001 00000005 00000000 00000000 00000000 000007FE 00000000 0000000E 
0000000D 0D100006 00000000 00000006 00000000 00000000 00000000 00000010 00000000 00000001 00000001 00000006 00000000 00000000 00000000 000007FE 00000000 0000000E 
00000006 00501010 00000000 00000010 00000000 00000000 00000000 00000010 00000000 00000001 00000001 00000006 00000000 00000000 00000000 000007FE 00000000 0000000E 
00000007 0C19500E 00000000 0000000E 00000000 00000000 00000000 00000010 00000000 00000001 00000001 00000006 00000000 00000000 00000000 000007FE 00000000 0000000E 
00000008 0E619100 00000000 00000100 00000000 00000000 00000000 00000010 00000000 00000001 00000001 00000006 00000000 00000000 00000000 000007FE 00000000 0000000E 
00000009 0E719110 00000000 00000110 00000000 00000000 00000000 00000010 00000000 00000001 00000001 00000006 00000000 00000000 00000000 000007FE 00000000 0000000E 
0000000A 00867000 00000000 00000000 00000000 00000000 00000000 00000010 00000000 00000000 00000001 00000006 00000000 00000000 00000000 000007FE 00000000 0000000E 
0000000B 0F819120 00000000 00000120 00000000 00000000 00000000 00000010 00000000 00000000 00000000 00000006 00000000 00000000 00000000 000007FE 00000000 0000000E 
0000000C 00991001 00000000 00000001 00000000 00000000 00000000 00000010 00000000 00000000 00000000 00000006 00000000 00000000 00000000 000007FE 00000000 0000000E 
0000000D 0D100006 00000000 00000006 00000000 00000000 00000000 00000010 00000000 00000000 00000000 00000007 00000000 00000000 00000000 000007FE 00000000 0000000E 
00000006 00501010 00000000 00000010 00000000 00000000 00000000 00000010 00000000 00000000 00000000 00000007 00000000 00000000 00000000 000007FE 00000000 0000000E 
00000007 0C19500E 00000000 0000000E 00000000 00000000 00000000 00000010 00000000 00000000 00000000 00000007 00000000 00000000 00000000 000007FE 00000000 0000000E 
00000008 0E619100 00000000 00000100 00000000 00000000 00000000 00000010 00000000 00000000 00000000 00000007 00000000 00000000 00000000 000007FE 00000000 0000000E 
00000009 0E719110 00000000 00000110 00000000 00000000 00000000 00000010 00000000 00000000 00000000 00000007 00000000 00000000 00000000 000007FE 00000000 0000000E 
0000000A 00867000 00000000 00000000 00000000 00000000 00000000 00000010 00000000 00000000 00000000 00000007 00000000 00000000 00000000 000007FE 00000000 0000000E 
0000000B 0F819120 00000000 00000120 00000000 00000000 00000000 00000010 00000000 00000000 00000000 00000007 00000000 00000000 00000000 000007FE 00000000 0000000E 
0000000C 00991001 00000000 00000001 00000000 00000000 00000000 00000010 00000000 00000000 00000000 00000007 00000000 00000000 00000000 000007FE 00000000 0000000E 
0000000D 0D100006 00000000 00000006 00000000 00000000 00000000 00000010 00000000 00000000 00000000 00000008 00000000 00000000 00000000 000007FE 00000000 0000000E 
00000006 00501010 00000000 00000010 00000000 00000000 00000000 00000010 00000000 00000000 00000000 00000008 00000000 00000000 00000000 000007FE 00000000 0000000E 
00000007 0C19500E 00000000 0000000E 00000000 00000000 00000000 00000010 00000000 00000000 00000000 00000008 00000000 00000000 00000000 000007FE 00000000 0000000E 
00000008 0E619100 00000000 00000100 00000000 00000000 00000000 00000010 00000000 00000000 00000000 00000008 00000000 00000000 00000000 000007FE 00000000 0000000E 
00000009 0E719110 00000000 00000110 00000000 00000000 00000000 00000010 00000000 00000000 00000000 00000008 00000000 00000000 00000000 000007FE 00000000 0000000E 
0000000A 00867000 00000000 00000000 00000000 00000000 00000000 00000010 00000000 00000000 00000000 00000008 00000000 00000000 00000000 000007FE 00000000 0000000E 
0000000B 0F819120 00000000 00000120 00000000 00000000 00000000 00000010 00000000 00000000 00000000 00000008 00000000 00000000 00000000 000007FE 00000000 0000000E 
0000000C 00991001 00000000 00000001 00000000 00000000 00000000 00000010 00000000 00000000 00000000 00000008 00000000 00000000 00000000 000007FE 00000000 0000000E 
0000000D 0D100006 00000000 00000006 00000000 00000000 00000000 00000010 00000000 00000000 00000000 00000009 00000000 00000000 00000000 000007FE 00000000 0000000E 
00000006 00501010 00000000 00000010 00000000 00000000 00000000 00000010 00000000 00000000 00000000 00000009 00000000 00000000 00000000 000007FE 00000000 0000000E 
00000007 0C19500E 00000000 0000000E 00000000 00000000 00000000 00000010 00000000 00000000 00000000 00000009 00000000 00000000 00000000 000007FE 00000000 0000000E 
00000008 0E619100 00000000 00000100 00000000 00000000 00000000 00000010 00000000 00000000 00000000 00000009 00000000 00000000 00000000 000007FE 00000000 0000000E 
00000009 0E719110 00000000 00000110 00000000 00000000 00000000 00000010 00000000 00000000 00000000 00000009 00000000 00000000 00000000 000007FE 00000000 0000000E 
0000000A 00867000 00000000 00000000 00000000 00000000 00000000 00000010 00000000 00000000 00000000 00000009 00000000 00000000 00000000 000007FE 00000000 0000000E 
0000000B 0F819120 00000000 00000120 00000000 00000000 00000000 00000010 00000000 00000000 00000000 00000009 00000000 00000000 00000000 000007FE 00000000 0000000E 
0000000C 00991001 00000000 00000001 00000000 00000000 00000000 00000010 00000000 00000000 00000000 00000009 00000000 00000000 00000000 000007FE 00000000 0000000E 
0000000D 0D100006 00000000 00000006 00000000 00000000 00000000 00000010 00000000 00000000 00000000 0000000A 00000000 00000000 00000000 000007FE 00000000 0000000E 
00000006 00501010 00000000 00000010 00000000 00000000 00000000 00000010 00000000 00000000 00000000 0000000A 00000000 00000000 00000000 000007FE 00000000 0000000E 
00000007 0C19500E 00000000 0000000E 00000000 00000000 00000000 00000010 00000000 00000000 00000000 0000000A 00000000 00000000 00000000 000007FE 00000000 0000000E 
00000008 0E619100 00000000 00000100 00000000 00000000 00000000 00000010 00000000 00000000 00000000 0000000A 00000000 00000000 00000000 000007FE 00000000 0000000E 
00000009 0E719110 00000000 00000110 00000000 00000000 00000000 00000010 00000000 00000000 00000000 0000000A 00000000 00000000 00000000 000007FE 00000000 0000000E 
0000000A 00867000 00000000 00000000 00000000 00000000 00000000 00000010 00000000 00000000 00000000 0000000A 00000000 00000000 00000000 000007FE 00000000 0000000E 
0000000B 0F819120 00000000 00000120 00000000 00000000 00000000 00000010 00000000 00000000 00000000 0000000A 00000000 00000000 00000000 000007FE 00000000 0000000E 
0000000C 00991001 00000000 00000001 00000000 00000000 00000000 00000010 00000000 00000000 00000000 0000000A 00000000 00000000 00000000 000007FE 00000000 0000000E 
0000000D 0D100006 00000000 00000006 00000000 00000000 00000000 00000010 00000000 00000000 00000000 0000000B 00000000 00000000 00000000 000007FE 00000000 0000000E 
00000006 00501010 00000000 00000010 00000000 00000000 00000000 00000010 00000000 00000000 00000000 0000000B 00000000 00000000 00000000 000007FE 00000000 0000000E 
00000007 0C19500E 00000000 0000000E 00000000 00000000 00000000 00000010 00000000 00000000 00000000 0000000B 00000000 00000000 00000000 000007FE 00000000 0000000E 
00000008 0E619100 00000000 00000100 00000000 00000000 00000000 00000010 00000000 00000000 00000000 0000000B 00000000 00000000 00000000 000007FE 00000000 0000000E 
00000009 0E719110 00000000 00000110 00000000 00000000 00000000 00000010 00000000 00000000 00000000 0000000B 00000000 00000000 00000000 000007FE 00000000 0000000E 
0000000A 00867000 00000000 00000000 00000000 00000000 00000000 00000010 00000000 00000000 00000000 0000000B 00000000 00000000 00000000 000007FE 00000000 0000000E 
0000000B 0F819120 00000000 00000120 00000000 00000000 00000000 00000010 00000000 00000000 00000000 0000000B 00000000 00000000 00000000 000007FE 00000000 0000000E 
0000000C 00991001 00000000 00000001 00000000 00000000 00000000 00000010 00000000 00000000 00000000 0000000B 00000000 00000000 00000000 000007FE 00000000 0000000E 
0000000D 0D100006 00000000 00000006 00000000 00000000 00000000 00000010 00000000 00000000 00000000 0000000C 00000000 00000000 00000000 000007FE 00000000 0000000E 
00000006 00501010 00000000 00000010 00000000 00000000 00000000 00000010 00000000 00000000 00000000 0000000C 00000000 00000000 00000000 000007FE 00000000 0000000E 
00000007 0C19500E 00000000 0000000E 00000000 00000000 00000000 00000010 00000000 00000000 00000000 0000000C 00000000 00000000 00000000 000007FE 00000000 0000000E 
00000008 0E619100 00000000 00000100 00000000 00000000 00000000 00000010 00000000 00000000 00000000 0000000C 00000000 00000000 00000000 000007FE 00000000 0000000E 
00000009 0E719110 00000000 00000110 00000000 00000000 00000000 00000010 00000000 00000000 00000000 0000000C 00000000 00000000 00000000 000007FE 00000000 0000000E 
0000000A 00867000 00000000 00000000 00000000 00000000 00000000 00000010 00000000 00000000 00000000 0000000C 00000000 00000000 00000000 000007FE 00000000 0000000E 
0000000B 0F819120 00000000 00000120 00000000 00000000 00000000 00000010 00000000 00000000 00000000 0000000C 00000000 00000000 00000000 000007FE 00000000 0000000E 
0000000C 00991001 00000000 00000001 00000000 00000000 00000000 00000010 00000000 00000000 00000000 0000000C 00000000 00000000 00000000 000007FE 00000000 0000000E 
0000000D 0D100006 00000000 00000006 00000000 00000000 00000000 00000010 00000000 00000000 00000000 0000000D 00000000 00000000 00000000 000007FE 00000000 0000000E 
00000006 00501010 00000000 00000010 00000000 00000000 00000000 00000010 00000000 00000000 00000000 0000000D 00000000 00000000 00000000 000007FE 00000000 0000000E 
00000007 0C19500E 00000000 0000000E 00000000 00000000 00000000 00000010 00000000 00000000 00000000 0000000D 00000000 00000000 00000000 000007FE 00000000 0000000E 
00000008 0E619100 00000000 00000100 00000000 00000000 00000000 00000010 00000000 00000000 00000000 0000000D 00000000 00000000 00000000 000007FE 00000000 0000000E 
00000009 0E719110 00000000 00000110 00000000 00000000 00000000 00000010 00000000 00000000 00000000 0000000D 00000000 00000000 00000000 000007FE 00000000 0000000E 
0000000A 00867000 00000000 00000000 00000000 00000000 00000000 00000010 00000000 00000000 00000000 0000000D 00000000 00000000 00000000 000007FE 00000000 0000000E 
0000000B 0F819120 00000000 00000120 00000000 00000000 00000000 00000010 00000000 00000000 00000000 0000000D 00000000 00000000 00000000 000007FE 00000000 0000000E 
0000000C 00991001 00000000 00000001 00000000 00000000 00000000 00000010 00000000 00000000 00000000 0000000D 00000000 00000000 00000000 000007FE 00000000 0000000E 
0000000D 0D100006 00000000 00000006 00000000 00000000 00000000 00000010 00000000 00000000 00000000 0000000E 00000000 00000000 00000000 000007FE 00000000 0000000E 
00000006 00501010 00000000 00000010 00000000 00000000 00000000 00000010 00000000 00000000 00000000 0000000E 00000000 00000000 00000000 000007FE 00000000 0000000E 
00000007 0C19500E 00000000 0000000E 00000000 00000000 00000000 00000010 00000000 00000000 00000000 0000000E 00000000 00000000 00000000 000007FE 00000000 0000000E 
00000008 0E619100 00000000 00000100 00000000 00000000 00000000 00000010 00000000 00000000 00000000 0000000E 00000000 00000000 00000000 000007FE 00000000 0000000E 
00000009 0E719110 00000000 00000110 00000000 00000000 00000000 00000010 00000000 00000000 00000000 0000000E 00000000 00000000 00000000 000007FE 00000000 0000000E 
0000000A 00867000 00000000 00000000 00000000 00000000 00000000 00000010 00000000 00000000 00000000 0000000E 00000000 00000000 00000000 000007FE 00000000 0000000E 
0000000B 0F819120 00000000 00000120 00000000 00000000 00000000 00000010 00000000 00000000 00000000 0000000E 00000000 00000000 00000000 000007FE 00000000 0000000E 
0000000C 00991001 00000000 00000001 00000000 00000000 00000000 00000010 00000000 00000000 00000000 0000000E 00000000 00000000 00000000 000007FE 00000000 0000000E 
0000000D 0D100006 00000000 00000006 00000000 00000000 00000000 00000010 00000000 00000000 00000000 0000000F 00000000 00000000 00000000 000007FE 00000000 0000000E 
00000006 00501010 00000000 00000010 00000000 00000000 00000000 00000010 00000000 00000000 00000000 0000000F 00000000 00000000 00000000 000007FE 00000000 0000000E 
00000007 0C19500E 00000000 0000000E 00000000 00000000 00000000 00000010 00000000 00000000 00000000 0000000F 00000000 00000000 00000000 000007FE 00000000 0000000E 
00000008 0E619100 00000000 00000100 00000000 00000000 00000000 00000010 00000000 00000000 00000000 0000000F 00000000 00000000 00000000 000007FE 00000000 0000000E 
00000009 0E719110 00000000 00000110 00000000 00000000 00000000 00000010 00000000 00000000 00000000 0000000F 00000000 00000000 00000000 000007FE 00000000 0000000E 
0000000A 00867000 00000000 00000000 00000000 00000000 00000000 00000010 00000000 00000000 00000000 0000000F 00000000 00000000 00000000 000007FE 00000000 0000000E 
0000000B 0F819120 00000000 00000120 00000000 00000000 00000000 00000010 00000000 00000000 00000000 0000000F 00000000 00000000 00000000 000007FE 00000000 0000000E 
0000000C 00991001 00000000 00000001 00000000 00000000 00000000 00000010 00000000 00000000 00000000 0000000F 00000000 00000000 00000000 000007FE 00000000 0000000E 
0000000D 0D100006 00000000 00000006 00000000 00000000 00000000 00000010 00000000 00000000 00000000 00000010 00000000 00000000 00000000 000007FE 00000000 0000000E 
00000006 00501010 00000000 00000010 00000000 00000000 00000000 00000010 00000000 00000000 00000000 00000010 00000000 00000000 00000000 000007FE 00000000 0000000E 
00000007 0C19500E 00000000 0000000E 00000000 00000000 00000000 00000010 00000000 00000000 00000000 00000010 00000000 00000000 00000000 000007FE 00000000 0000000E 
0000000E 0E9D1000 00000000 00000000 00000000 00000000 00000000 00000010 00000000 00000000 00000000 00000010 00000000 00000000 00000000 000007FE 00000000 0000000E 
0000000F 0EFD1001 00000000 00000001 00000000 00000000 00000000 00000010 00000000 00000000 00000000 00000000 00000000 00000000 00000000 000007FE 00000000 0000000E 
00000010 00DD1002 00000000 00000002 00000000 00000000 00000000 00000010 00000000 00000000 00000000 00000000 00000000 00000000 00000000 000007FE 00000000 00000000 
00000011 13000000 00000000 00000000 00000000 00000000 00000000 00000010 00000000 00000000 00000000 00000000 00000000 00000000 00000000 00000800 00000000 00000000 
